
Start: 16.05.2025 23:22:54 my_function
Finish: 16.05.2025 23:22:54 my_function ok
Execution time: 0.00004 seconds
Result: 3

Start: 16.05.2025 23:23:26 my_function
Finish: 16.05.2025 23:23:26 my_function ok
Execution time: 0.00003 seconds
Result: 3

Start: 16.05.2025 23:24:28 my_function
Finish: 16.05.2025 23:24:28 my_function ok
Execution time: 0.00003 seconds
Result: 3
